SWV ITM Data Console - ITM Port: 0
Iniciando impressao dos dados via SWO...
Tipo Segmento (0=Curva, 1=Reta): ;0;1;0;1;0;1;0;1;0;1;0;0;0;1;0;1;0;1;0;1;0;1;
Mapesq: ;96;142;824;201;233;232;663;247;167;255;392;147;291;395;1187;657;396;467;512;1753;384;124;
Mapdir: ;96;137;371;173;678;269;212;219;632;288;172;116;129;366;476;601;131;421;277;1748;166;98;
Mapa (media): ;96;139;597;187;455;250;437;233;399;271;282;131;210;380;831;629;263;444;394;1750;275;111;
Rmapa (raio): ;1152;334;15;80;12;81;11;99;10;98;15;50;15;157;14;134;11;115;20;4201;15;51;
Distancia Retas (cm): ;0;13;0;18;0;25;0;23;0;27;0;0;0;38;0;62;0;44;0;175;0;11;
Impressao concluida.
Pressione para iniciar a corrida.
